0.9999999975768099
0.9999999952158884
0.9572219446190543
0.9999999945023299
0.9999999999156346
0.03361136299194645
0.9999646703563602
0.999999999981477
0.9999999999439779
0.9999999781722588
0.9967725642995021
0.9988814300333179
0.9999999993767903
0.99999999806057
0.9998756808401108
0.9999843740827716
0.9968111590600772
0.9999999999668769
0.9999704883330902
0.9999999991175461
0.9999832877964009
0.9999999979864755
0.9974932944587629
0.987162084202214
0.999999999999996
0.9670669120285286
0.9999999999999458
0.9931140390235098
0.9999999999999647
0.9999995723793241
6.301813390975108e-11
0.9999999999994047
0.9999999999999867
0.9999999980026137
0.9999999999998239
0.7705412005803127
0.9340563527273733
0.9999999974355318
0.9999999915296608
0.9587468266615787
2.2250488517823533e-09
0.9772563660540947
0.9999999933101444
0.999999999680582
0.9999999956153631
0.9999999994720166
0.9242551467764167
0.998977817001268
0.9985824407051953
1.0
0.999689183262443
0.9999999999746949
0.9959545655409825
0.9999999987630941
0.9999999999462346
0.9989573955266294
0.9998709635614661
1.0
0.999999999476701
0.9999469607479173
0.9993727296888133
0.20871744597788716
0.9999993935846614
0.9987543634212122
0.9999999999137104
0.9999999950232075
0.9999999999598506
0.8495989326900614
0.9999339890859587
0.8602294598529602
0.9535594758656923
0.9999999996195506
0.9999999998503457
0.9574966904031513
0.6088058862365938
0.9999999985185186
0.9999999999984701
0.9999999710778806
0.9234909491934594
0.9999999999790059
0.999999999012176
0.9999999833388616
0.9717732451579708
0.9939572189283593
0.9999999999999705
0.9997102779412814
0.9999999966990436
0.8447242948133358
0.9021207535684012
0.9999999998085953
0.9999999999924953
0.999999987932623
0.9946959431272264
0.9678485649317516
0.9857726883850959
0.9989987867916558
0.9951789968070922
0.9999899823213309
0.9941937285952109
0.9856359999637356
0.9999999999999833
0.9999999956856074
0.9960096276179148
0.9999999491466075
0.9999999999999998
0.9999999999892877
0.9999999965766133
0.9999901986130791
0.9963638921892782
0.9999996934219783
0.9961555651353396
0.9409613274106697
0.9923561879350394
0.9999999999999982
0.9955581872976121
0.9999999985646741
0.930329418410599
0.9221120934141711
0.9928034846395223
0.15650575599434435
0.9999999998516282
0.024610869914724453
0.9678413476675023
0.9979663093988235
0.9999999966976427
0.9999709344268853
0.9999999946724922
0.9999999999204323
0.9999999954502046
0.9999956813261849
0.9999861620700391
0.9638929972584247
0.9999999999999978
0.999999850690331
0.9999999845733842
0.6958449804410577
0.9999999999999722
0.9511825414863595
0.9999999964017148
0.9981620501548284
0.9996722357377562
0.13348099138715055
0.9999993782430925
0.9954306946072421
0.9999999992402508
0.9941322785791726
0.921315559521443
0.9999999931573182
0.9838627556035442
0.9999999985535344
0.9952355508107706
0.9999999981780405
0.9999999983980994
0.9858721556871611
0.999999999098619
0.9999999983441885
0.9999999991237134
0.9999999965321271
0.9999999999999969
0.9999999989550181
0.9972531523872209
0.9999999999999956
0.9998348658466948
0.9697856114385165
0.9068515025970587
0.9999999978571501
0.9872145204754799
0.9999999999999283
0.980540310900965
0.9999999999999358
0.9999982506185056
0.9999999958951071
0.9989370196471703
0.9967821760009022
0.9999999999674276
0.9999999904963585
0.9999999988857609
0.9999999997415439
0.9999999999990912
0.9999999789706588
0.9999999991690307
0.9999999801937074
0.9523594883486137
0.9999999999999665
0.9999999984593064
6.519604174693802e-05
3.7796903789663723e-06
