0.9999958454216951
0.9999999999052231
0.10204272374770545
0.9999999889990482
0.9999958361931075
0.7286376174623951
0.9999999837504194
0.9999999999986862
0.9999998588548517
0.9999999803462453
0.9986235598231719
0.9886356326914338
0.9999999986014345
0.9999899230681274
0.9549419099539082
0.9680983856143358
0.7608529398808662
0.9999999999999738
0.9998921289293881
0.9999794041061663
0.9932506913949654
0.9999999998344387
0.9940559036638411
0.9167345701624964
0.9999999999999967
0.9332834479893807
0.9999037595097376
0.9717320180466447
0.9999999999981564
0.999788023310206
0.9544409580273658
0.9999999999996003
0.9999999999999953
0.9999999994708373
0.9999999958067196
0.9838713070170685
0.9975310816161775
0.9999999997577773
0.9999999989547974
0.9734515139605957
0.9874784647580336
0.9999994272923576
0.9999999999338929
0.941720586875656
0.9999972389997028
0.999946295822899
0.9998090866319813
0.976894498198016
0.8558207165413771
1.0
0.029278519829006915
0.9999999516910544
0.9854563255376815
0.9999999992831234
0.9999999999330171
0.9992586713556361
0.9932189727119685
1.0
0.9999999992457929
0.9724337937203357
0.9673241182543826
0.9999999997966353
0.9981361189874522
0.0007834805670677807
0.9999999991803137
0.9999999992332698
0.9999999678474042
0.0002244083231947845
0.9187893103950451
0.8677674510876627
0.9897413215782396
0.9999969202679942
0.9611558821755791
0.835577300793379
0.9840916937966052
0.9999872837569241
0.9999999048012747
0.9999999809947561
4.5662673530903086e-07
0.9999994015240117
0.9999994990553187
0.9999999999070288
0.9860669053697996
0.9999999994426751
0.9999999999999791
0.666349739917158
0.9999999999753606
0.8172801374462404
0.9999337561915391
0.9999999998600904
0.9999999999998239
0.9999850067423447
0.7580151090660484
0.995780002087926
0.9671974401384142
0.9998934710292396
0.9582705777466971
0.9999976110289264
0.9999999999999993
0.8348681879898197
1.0
0.9999975141375628
0.9936432595638184
0.9998285952647014
0.99999999999914
0.9999999271921924
0.9999970555358381
1.0
0.9680815910684797
0.9999966447645094
1.0
0.97778562141159
0.027694854645914185
0.9999999999994509
0.9999999999999949
0.9999901407672248
0.9999999828270957
0.9999999999999767
0.999999998743897
0.9944200914954716
0.9999999997867832
1.195029359289785e-06
0.9068687334460969
0.9922418746896199
0.9999999989124939
0.9999879874196488
0.9999959535497607
0.9999999999310591
0.9999966235868805
0.9685081517886476
0.9618894059674425
0.8648426590259495
0.9999956750943199
0.9984414956839939
0.9999998716553229
0.9350703639708604
0.99996733075124
0.9470628007586048
0.999994326087354
0.07477085186488126
0.9909965585625478
0.024751017999829688
0.9854199689568558
0.9746527775477154
0.999985577802601
0.9870532655212435
0.9999928470594975
0.9999999959345773
0.9999998858027811
0.9999999998997937
0.009935291920141077
0.999999998581969
0.9999999994886419
0.998138777500497
0.9999999996145015
0.9999999996227551
0.9999999999225986
0.9999999996016633
0.9999999999999958
0.9999914713790208
0.9755853287860131
0.999999999999996
0.6313186855047076
0.9412114843618956
0.9439217854298183
0.9999999995317215
3.315392627983321e-08
0.9999999999999207
0.9944781491428871
0.999999999999998
0.9939729458152484
0.9999999998760518
0.9755155189357821
0.9692279990951617
0.9999968425181248
0.999998871171539
0.9999999999238554
0.9999999147346558
0.9999999972185671
0.9999982012046507
0.999991528572802
0.9999978270833971
0.963937967007005
0.9999999999999762
0.9999933410044244
3.2019311165696724e-06
1.043395468651073e-08
